Original image size: (1080, 1920, 3)
hue: 0.015087990348315303
saturation: 1.0072545013061691
brightness: 1.0076170939009923
contrast: 0.8927262822930396
