Original image size: (1080, 1920, 3)
hue: -0.023081410294565452
saturation: 1.0512057709245788
brightness: 0.8946223785922705
contrast: 0.9095221085300168
