Original image size: (1080, 1920, 3)
hue: 0.06151483416473873
saturation: 1.0456027947787285
brightness: 0.962055415624055
contrast: 1.0853556394183705
