Original image size: (1080, 1920, 3)
hue: 0.006082468895988166
saturation: 0.9513464542825989
brightness: 0.9908923364418725
contrast: 1.0489686866007417
