Original image size: (1080, 1920, 3)
hue: 0.028290574006611682
saturation: 1.0601011829332854
brightness: 1.0022986642107439
contrast: 0.9792839780575664
