Original image size: (940, 1366, 3)
hue: 0.08369571499768011
saturation: 1.059192683297444
brightness: 1.078316808169543
contrast: 1.076949100569718
