Original image size: (940, 1366, 3)
hue: -0.0021091025380295253
saturation: 0.9891819225164615
brightness: 0.996199487799303
contrast: 1.012856298228724
