Original image size: (940, 1366, 3)
hue: 0.04546594235093181
saturation: 1.0294611675790941
brightness: 1.0240898935353144
contrast: 1.036674563866947
