Original image size: (940, 1366, 3)
hue: 0.04080424779554176
saturation: 1.0204707154091575
brightness: 1.0104385588762426
contrast: 1.0249787377104052
