Original image size: (940, 1366, 3)
hue: -0.024153857031991785
saturation: 0.8924235013060906
brightness: 0.9048262573156021
contrast: 1.0177786165449705
