Original image size: (1080, 1920, 3)
hue: -0.005481520236792277
saturation: 1.042165406917425
brightness: 0.9919711856911376
contrast: 0.949518361829966
