Original image size: (1080, 1920, 3)
hue: 0.049835062939557556
saturation: 1.0260175648529581
brightness: 1.0267323829330979
contrast: 0.9929161581631547
