Original image size: (1080, 1920, 3)
hue: 0.051863794604493266
saturation: 0.8913930502867845
brightness: 1.023159023185669
contrast: 0.9655345714870046
