Original image size: (1080, 1920, 3)
hue: -0.02121241597118019
saturation: 1.0286433327476716
brightness: 1.0358383305141792
contrast: 1.0156855036685664
