Original image size: (1080, 1920, 3)
hue: -0.002134616563311903
saturation: 1.0305785932424651
brightness: 0.9859603219203845
contrast: 1.0485662517251317
