Original image size: (1080, 1920, 3)
hue: -0.00032035594983197135
saturation: 0.9701059142207332
brightness: 1.057441783578755
contrast: 1.0344210206810343
