Original image size: (1080, 1920, 3)
hue: -0.09180953683421339
saturation: 0.9891423013812755
brightness: 0.9026407225171728
contrast: 0.8981026101506392
