Original image size: (1080, 1920, 3)
hue: -0.06270264013165501
saturation: 0.9625686282499781
brightness: 1.0590818471567
contrast: 0.9404883991151988
