Original image size: (1080, 1920, 3)
hue: -0.01521406755474028
saturation: 0.9636013660797486
brightness: 1.0012931394325428
contrast: 0.9281604562553183
