Original image size: (1080, 1920, 3)
hue: 0.06495584645151092
saturation: 1.0764129920291987
brightness: 1.062204573307524
contrast: 1.0300841983228743
