Original image size: (1080, 1920, 3)
hue: -0.04771620688666084
saturation: 0.9138066015301711
brightness: 0.9197189121163336
contrast: 0.9122064472149323
