Original image size: (1080, 1920, 3)
hue: 0.05589564378428258
saturation: 1.0249066003379996
brightness: 0.9692353675105505
contrast: 1.0958633059407235
