Original image size: (1080, 1920, 3)
hue: -0.003008313435269208
saturation: 0.9732897508728348
brightness: 1.0335291242035303
contrast: 1.0253858343985767
