Original image size: (1080, 1920, 3)
hue: 0.008982553115851458
saturation: 1.0130370414436558
brightness: 0.9989634177318559
contrast: 0.9739199548170556
