Original image size: (1080, 1920, 3)
hue: -0.03456640862998126
saturation: 0.9964492958350503
brightness: 1.0756584988401219
contrast: 0.9441819611625926
