Original image size: (768, 1366, 3)
hue: -0.007534206232065577
saturation: 1.0716839307872648
brightness: 1.0704419366199396
contrast: 0.9765649472737633
