Original image size: (768, 1366, 3)
hue: 0.020345557663103545
saturation: 1.1088964216470267
brightness: 0.9980934924649466
contrast: 1.115226797518397
