Original image size: (768, 1366, 3)
hue: 0.08168450844221731
saturation: 1.0691446807595026
brightness: 0.9268402054492028
contrast: 1.0020991873389742
