Original image size: (768, 1366, 3)
hue: 0.0365395182538802
saturation: 1.0408952335002284
brightness: 1.0612777429654323
contrast: 0.9987012165136491
