Original image size: (768, 1366, 3)
hue: -0.0019230796442549214
saturation: 1.055581603926427
brightness: 0.9651640304309822
contrast: 1.044817953456978
