Original image size: (1080, 1920, 3)
hue: 0.07767751803312953
saturation: 1.0316544452688867
brightness: 1.0942360356882028
contrast: 1.0096569540330698
