Original image size: (1080, 1920, 3)
hue: 0.06455696936838323
saturation: 1.096042063745164
brightness: 0.9964315525280263
contrast: 1.0166115634763915
