Original image size: (1080, 1920, 3)
hue: -0.05193047804962423
saturation: 0.9580249868539151
brightness: 0.9454531328147748
contrast: 0.9848720401298751
