Original image size: (1080, 1920, 3)
hue: 0.03141418957609357
saturation: 0.9461756742118539
brightness: 0.947184327814514
contrast: 0.9611943212549535
