Original image size: (1080, 1920, 3)
hue: -0.09508926181259492
saturation: 1.012430040448066
brightness: 0.9215197883519319
contrast: 0.9134879347590681
