Original image size: (768, 1366, 3)
hue: -0.07463270473421242
saturation: 0.9498556797858588
brightness: 1.1164438456742471
contrast: 1.0362854623285855
