Original image size: (768, 1366, 3)
hue: -0.025720152275339143
saturation: 0.9746097811583563
brightness: 1.0016941651631093
contrast: 0.9510133572086068
