Original image size: (768, 1366, 3)
hue: 0.05289856005719534
saturation: 0.97713569724592
brightness: 0.9262911494472065
contrast: 1.016279833738123
