Original image size: (768, 1366, 3)
hue: 0.06345364516892911
saturation: 1.0940750931961407
brightness: 0.9486130260026698
contrast: 1.0358361600176482
