Original image size: (768, 1366, 3)
hue: 0.03793598154204976
saturation: 1.0591851571919608
brightness: 1.059460019006505
contrast: 1.023271848610055
