Original image size: (768, 1366, 3)
hue: -0.013605730734637937
saturation: 0.9346254747657432
brightness: 0.9327179377836129
contrast: 0.9942185533527088
