Original image size: (768, 1366, 3)
hue: 0.01931213193206524
saturation: 0.9430298704328013
brightness: 0.9807098828068296
contrast: 1.052653276477171
