Original image size: (768, 1366, 3)
hue: 0.03408033377080445
saturation: 1.0074867661827949
brightness: 0.9247012502196889
contrast: 0.9717554698082589
