Original image size: (768, 1366, 3)
hue: -0.11062250592739369
saturation: 0.9917783480620763
brightness: 0.898820993757113
contrast: 1.096369311434846
