Original image size: (768, 1366, 3)
hue: -0.08119735902220966
saturation: 1.1298396479819899
brightness: 1.067272114584372
contrast: 1.0817530431906526
