Original image size: (768, 1366, 3)
hue: 0.03922342191326682
saturation: 1.053618307280794
brightness: 1.0126195828946951
contrast: 1.0090443205202124
