Original image size: (768, 1366, 3)
hue: 0.06468717866659343
saturation: 1.0085014222870297
brightness: 1.0295529013222027
contrast: 1.0529414513306836
