Original image size: (768, 1366, 3)
hue: -0.0795165222494011
saturation: 1.048227468803847
brightness: 1.1295000080919777
contrast: 1.022845446391156
