Original image size: (768, 1366, 3)
hue: -0.01339093399527444
saturation: 0.924416528099753
brightness: 1.0784455395289598
contrast: 0.9240194901590298
