Original image size: (768, 1366, 3)
hue: 0.057487286604196386
saturation: 0.9539181880037427
brightness: 1.0706022808603786
contrast: 1.0279462223767617
