Original image size: (1080, 1920, 3)
hue: -0.052885431025748844
saturation: 0.8888445627634004
brightness: 0.9730902054168393
contrast: 1.0371253124225606
