Original image size: (1080, 1920, 3)
hue: -0.00678386934877126
saturation: 0.934098915863372
brightness: 0.9219520613510978
contrast: 1.0422172975609374
