Original image size: (1080, 1920, 3)
hue: -0.05740789156554876
saturation: 0.8975945280891414
brightness: 1.0820899739468075
contrast: 1.1085293909565288
