Original image size: (1080, 1920, 3)
hue: -0.05298045412926726
saturation: 0.9549471803293993
brightness: 0.9886815939104946
contrast: 0.9064016934799204
