Original image size: (1080, 1920, 3)
hue: -0.05737547961272205
saturation: 1.121716646903348
brightness: 1.0428035002936018
contrast: 0.9894310126503478
