Original image size: (768, 1366, 3)
hue: -0.07677894280612377
saturation: 1.0435961632219983
brightness: 0.9805846224643877
contrast: 1.020481921072295
