Original image size: (768, 1366, 3)
hue: -0.004190135174317988
saturation: 0.9138896475040973
brightness: 0.9343078503910771
contrast: 1.0133882624966377
