Original image size: (768, 1366, 3)
hue: 0.0582915075188975
saturation: 1.0048052444394324
brightness: 1.0422558625133957
contrast: 0.9912342640179774
