Original image size: (768, 1366, 3)
hue: 0.0665887467765359
saturation: 0.9566118428186624
brightness: 0.9793543988535611
contrast: 0.9137452639862421
