Original image size: (768, 1366, 3)
hue: -0.07074083131137468
saturation: 1.0349791280652352
brightness: 0.9512084400182104
contrast: 1.1333497110232444
