Original image size: (768, 1366, 3)
hue: -0.009175063695925287
saturation: 1.0198312754312246
brightness: 1.0320280483978017
contrast: 1.0518531558181792
