Original image size: (768, 1366, 3)
hue: 0.05125737126244374
saturation: 1.0527337825416174
brightness: 1.0476413310203005
contrast: 0.9673222031976588
