Original image size: (768, 1366, 3)
hue: 0.047814022964348
saturation: 0.9332431909233754
brightness: 1.0367351986456945
contrast: 1.0322615712475651
