Original image size: (768, 1366, 3)
hue: 0.004657041808758283
saturation: 1.053720603436611
brightness: 0.9490592616935546
contrast: 1.0481795225566792
