Original image size: (768, 1366, 3)
hue: -0.022272395408897507
saturation: 0.9858375171457932
brightness: 0.9268346378065903
contrast: 1.0704591384947968
