Original image size: (768, 1803, 3)
hue: 0.010969857119012633
saturation: 1.021363553479978
brightness: 1.017527444537593
contrast: 0.9491666056185741
