Original image size: (768, 1803, 3)
hue: -0.08809943407689082
saturation: 1.082551124124455
brightness: 0.9984753518300866
contrast: 1.1052737944032591
