Original image size: (768, 1803, 3)
hue: -0.06555097360990256
saturation: 0.9371142141462314
brightness: 0.9699654065611112
contrast: 1.0234946948860255
