Original image size: (768, 1803, 3)
hue: 0.14433138291195308
saturation: 0.9408629088626317
brightness: 0.8931921670044987
contrast: 0.9389817479656627
