Original image size: (768, 1803, 3)
hue: -0.04351621264368648
saturation: 1.0098552567995738
brightness: 0.9422179876300251
contrast: 0.993953259223345
