Original image size: (1080, 1920, 3)
hue: -0.04347543779666181
saturation: 1.0587768016709092
brightness: 0.9765472536666167
contrast: 1.053308653021253
