Original image size: (1080, 1920, 3)
hue: -0.09463076048727165
saturation: 1.0971277434303188
brightness: 0.918706971144726
contrast: 0.9305721694220209
