Original image size: (1080, 1920, 3)
hue: -0.07522826725072494
saturation: 0.9384104037598909
brightness: 1.069821333229597
contrast: 0.9985201590663019
