Original image size: (1080, 1920, 3)
hue: -0.11748743725710448
saturation: 0.9297069968285867
brightness: 0.9789751759321667
contrast: 0.8793595170958269
