Original image size: (1080, 1920, 3)
hue: -0.113410727433815
saturation: 0.9143857793492358
brightness: 1.003394365427331
contrast: 0.8977764230272528
