Original image size: (1080, 1920, 3)
hue: -0.07025392946817885
saturation: 1.0787591739513251
brightness: 1.042652262757823
contrast: 1.0659163539883216
