Original image size: (1080, 1920, 3)
hue: -0.022790268202115715
saturation: 1.0607249568181685
brightness: 1.004439521924592
contrast: 0.9009223361386985
