Original image size: (1080, 1920, 3)
hue: 0.06432525078688939
saturation: 1.0886402933783343
brightness: 1.0666235812467384
contrast: 0.9910118156802766
