Original image size: (1080, 1920, 3)
hue: -0.0018323670149885118
saturation: 0.8961796335015214
brightness: 0.90679761045964
contrast: 1.06184397674867
