Original image size: (1080, 1920, 3)
hue: -0.10512833575017809
saturation: 0.9192944267774834
brightness: 0.8890392982915193
contrast: 0.9759105352527285
