Original image size: (1080, 1920, 3)
hue: 0.037380943037325545
saturation: 1.0332077448650057
brightness: 0.9993647566671231
contrast: 1.0345974548089503
