Original image size: (1080, 1920, 3)
hue: -0.008712217262420566
saturation: 1.0747811608958537
brightness: 0.9568434432574109
contrast: 1.018865863579968
