Original image size: (1080, 1920, 3)
hue: -0.02682891118258933
saturation: 1.0804032662120195
brightness: 0.8564821700734581
contrast: 0.9456556817090446
