Original image size: (1080, 1920, 3)
hue: 0.04658358340961005
saturation: 0.9834216607965052
brightness: 0.9508573589878812
contrast: 1.075910361716074
