Original image size: (1080, 1920, 3)
hue: -0.03450163549673696
saturation: 0.9996500304465704
brightness: 0.9754040655635021
contrast: 0.9947377194002485
