Original image size: (1080, 1920, 3)
hue: -0.024664960701423794
saturation: 0.9158033571268072
brightness: 0.9597143402067315
contrast: 0.9584813638219998
