Original image size: (1080, 1920, 3)
hue: 0.03646498873603471
saturation: 0.9699284573870096
brightness: 1.025625726411462
contrast: 1.0397393224448455
