Original image size: (1080, 1920, 3)
hue: 0.06656338664019194
saturation: 0.9511940034605694
brightness: 0.9796102210319364
contrast: 0.9893179803395603
