Original image size: (1080, 1920, 3)
hue: -0.024459271442614977
saturation: 1.0329638981451008
brightness: 1.016424037490104
contrast: 1.0516532485680306
