Original image size: (1080, 1920, 3)
hue: -0.11138707067764071
saturation: 0.945741853782494
brightness: 0.8660824148680532
contrast: 1.0479089284228027
