Original image size: (4008, 1366, 3)
hue: 0.12063949070460528
saturation: 1.0045680820229141
brightness: 1.1305304650207535
contrast: 1.0589949991744996
