Original image size: (4008, 1366, 3)
hue: -0.04841055472641709
saturation: 0.9520586238722335
brightness: 0.9342465015763579
contrast: 1.0263045069988856
