Original image size: (4008, 1366, 3)
hue: -0.005057987954692839
saturation: 1.0252388127587477
brightness: 0.9635832535326903
contrast: 1.014202700202907
