Original image size: (4008, 1366, 3)
hue: 0.012596176065796952
saturation: 0.945310224559209
brightness: 0.9488966615745658
contrast: 1.015434178209793
