Original image size: (4008, 1366, 3)
hue: -0.010434639081605496
saturation: 0.8609273987666909
brightness: 0.938307162690275
contrast: 1.0577382025278517
