Original image size: (944, 1366, 3)
hue: 0.056596158434990496
saturation: 1.0241824856906783
brightness: 1.02440840345721
contrast: 0.9298495607315838
