Original image size: (944, 1366, 3)
hue: -0.05244742098895913
saturation: 1.071804313851799
brightness: 1.0555258605791318
contrast: 0.9781926440667299
