Original image size: (944, 1366, 3)
hue: 0.06636744728349045
saturation: 0.9420314004445886
brightness: 0.931049484444925
contrast: 0.9447036817648917
