Original image size: (944, 1366, 3)
hue: -0.0341447374029467
saturation: 0.9478477021136203
brightness: 1.0227052159175143
contrast: 1.0683128697873967
