Original image size: (944, 1366, 3)
hue: -0.046488586423221394
saturation: 0.9163861739713792
brightness: 1.0604917842796584
contrast: 0.8977623167820639
