Original image size: (1080, 1920, 3)
hue: -0.07418805740639962
saturation: 0.9229770925370853
brightness: 1.0465545607667448
contrast: 1.0582489789785579
