Original image size: (1080, 1920, 3)
hue: -0.020354712818372617
saturation: 0.9260453222898609
brightness: 1.0445645408422355
contrast: 0.9350962238193471
