Original image size: (1080, 1920, 3)
hue: -0.06845189734019647
saturation: 0.9660455182601974
brightness: 1.0917235815800934
contrast: 0.924875940138392
