Original image size: (1080, 1920, 3)
hue: 0.12225266084559105
saturation: 1.014190283822567
brightness: 0.9054128082561995
contrast: 1.1206685375876422
