Original image size: (1080, 1920, 3)
hue: -0.033761063719233396
saturation: 1.052313275546812
brightness: 1.0277496454539452
contrast: 0.9561813817376056
