Original image size: (768, 1366, 3)
hue: 0.02932835689239452
saturation: 1.088116034447099
brightness: 1.0859886858439611
contrast: 0.9833174756063533
