Original image size: (768, 1366, 3)
hue: 0.09476282718971865
saturation: 1.0006679008820978
brightness: 0.9372591850546821
contrast: 1.010178975139321
