Original image size: (768, 1366, 3)
hue: -0.05347197142529991
saturation: 1.0444234819459681
brightness: 0.9645088868613326
contrast: 0.9878426296803161
