Original image size: (768, 1366, 3)
hue: 0.008894585588932066
saturation: 1.0557503220822704
brightness: 0.9704632906736098
contrast: 1.0299536718796394
