Original image size: (768, 1366, 3)
hue: 0.04196231127027521
saturation: 0.9554900766497083
brightness: 1.0101044079491448
contrast: 1.0143406652863505
